<roblox xmlns:xmime="http://www.w3.org/2005/05/xmlmime" xmlns:xsi="http://www.w3.org/2001/XMLSchema-instance" xsi:noNamespaceSchemaLocation="http://www.roblox.com/roblox.xsd" version="4">
	<Meta name="ExplicitAutoJoints">true</Meta>
	<External>null</External>
	<External>nil</External>
	<Item class="Flag" referent="RBXF23EACD565AC40FFAE1747C09FBECBB6">
		<Properties>
			<int name="TeamColor">194</int>
			<bool name="CanBeDropped">false</bool>
			<bool name="Enabled">true</bool>
			<CoordinateFrame name="Grip">
				<X>0</X>
				<Y>0</Y>
				<Z>0</Z>
				<R00>1</R00>
				<R01>0</R01>
				<R02>0</R02>
				<R10>0</R10>
				<R11>1</R11>
				<R12>0</R12>
				<R20>0</R20>
				<R21>0</R21>
				<R22>1</R22>
			</CoordinateFrame>
			<bool name="ManualActivationOnly">false</bool>
			<bool name="RequiresHandle">false</bool>
			<string name="ToolTip"></string>
			<Content name="TextureId"><url>rbxassetid://139139002453430</url></Content>
			<token name="LevelOfDetail">0</token>
			<CoordinateFrame name="ModelMeshCFrame">
				<X>0</X>
				<Y>0</Y>
				<Z>0</Z>
				<R00>1</R00>
				<R01>0</R01>
				<R02>0</R02>
				<R10>0</R10>
				<R11>1</R11>
				<R12>0</R12>
				<R20>0</R20>
				<R21>0</R21>
				<R22>1</R22>
			</CoordinateFrame>
			<SharedString name="ModelMeshData">yuZpQdnvvUBOTYh1jqZ2cA==</SharedString>
			<Vector3 name="ModelMeshSize">
				<X>0</X>
				<Y>0</Y>
				<Z>0</Z>
			</Vector3>
			<token name="ModelStreamingMode">0</token>
			<bool name="NeedsPivotMigration">false</bool>
			<Ref name="PrimaryPart">null</Ref>
			<float name="ScaleFactor">1</float>
			<SharedString name="SlimHash">yuZpQdnvvUBOTYh1jqZ2cA==</SharedString>
			<OptionalCoordinateFrame name="WorldPivotData">
				<CFrame>
					<X>26.275383</X>
					<Y>2.72782564</Y>
					<Z>-44.516552</Z>
					<R00>1</R00>
					<R01>0</R01>
					<R02>0</R02>
					<R10>0</R10>
					<R11>1</R11>
					<R12>0</R12>
					<R20>0</R20>
					<R21>0</R21>
					<R22>1</R22>
				</CFrame>
			</OptionalCoordinateFrame>
			<BinaryString name="AttributesSerialize"></BinaryString>
			<SecurityCapabilities name="Capabilities">0</SecurityCapabilities>
			<bool name="DefinesCapabilities">false</bool>
			<string name="Name">Combat 2</string>
			<int64 name="SourceAssetId">17405622460</int64>
			<SharedString name="Tags">yuZpQdnvvUBOTYh1jqZ2cA==</SharedString>
		</Properties>
		<Item class="Actor" referent="RBX20D2B60A7FEA414C8D462836300C052B">
			<Properties>
				<token name="LevelOfDetail">0</token>
				<CoordinateFrame name="ModelMeshCFrame">
					<X>0</X>
					<Y>0</Y>
					<Z>0</Z>
					<R00>1</R00>
					<R01>0</R01>
					<R02>0</R02>
					<R10>0</R10>
					<R11>1</R11>
					<R12>0</R12>
					<R20>0</R20>
					<R21>0</R21>
					<R22>1</R22>
				</CoordinateFrame>
				<SharedString name="ModelMeshData">yuZpQdnvvUBOTYh1jqZ2cA==</SharedString>
				<Vector3 name="ModelMeshSize">
					<X>0</X>
					<Y>0</Y>
					<Z>0</Z>
				</Vector3>
				<token name="ModelStreamingMode">0</token>
				<bool name="NeedsPivotMigration">false</bool>
				<Ref name="PrimaryPart">null</Ref>
				<float name="ScaleFactor">1</float>
				<SharedString name="SlimHash">yuZpQdnvvUBOTYh1jqZ2cA==</SharedString>
				<OptionalCoordinateFrame name="WorldPivotData">
					<CFrame>
						<X>13.1376915</X>
						<Y>51.8286591</Y>
						<Z>-22.258276</Z>
						<R00>1</R00>
						<R01>0</R01>
						<R02>0</R02>
						<R10>0</R10>
						<R11>1</R11>
						<R12>0</R12>
						<R20>0</R20>
						<R21>0</R21>
						<R22>1</R22>
					</CFrame>
				</OptionalCoordinateFrame>
				<BinaryString name="AttributesSerialize"></BinaryString>
				<SecurityCapabilities name="Capabilities">0</SecurityCapabilities>
				<bool name="DefinesCapabilities">false</bool>
				<string name="Name">Handler</string>
				<int64 name="SourceAssetId">-1</int64>
				<SharedString name="Tags">yuZpQdnvvUBOTYh1jqZ2cA==</SharedString>
			</Properties>
			<Item class="Script" referent="RBX7F8968F7268945A0AE50BE7785ED552A">
				<Properties>
					<ProtectedString name="Source"><![CDATA[--!native
--<<By Solivion>>--
--<{For Normal Sized Rig Only}>--
--<<Combat2: Crash 'n Burn Edition, What a fail(Totally not Rufus14's Combat Copy)>>--
--fun passsion project cuz I have no idea what game to make and stuff(wasted oppertunity frfr)

--[[3/23/2026]]--
--Disabled name fetching because it could fail from too many request. Nothing else if changed from the 9/7/2024 version

--[[9/7/2024]]--
--Disabled Blocky Effect Since It Lags And Crashes When Using Flying Kick, if you want to use it I recommend disabling Flying Kick
--Changed how the jumpkick might interact with a surface, it won't bounce off as much anymore
--the physics calculation has been edited to corporate the correct factor to make it Rate Independent
--Etc.

--<<Recommended To Put Inside An Actor, Or just plain script in StarterPack>>--

--Set RunContext To Legacy
if script.RunContext ~= Enum.RunContext.Legacy then
	warn('Script Might Not Behave Correctly, Please Change RunContext To Legacy')
	pcall(function() script.RunContext = Enum.RunContext.Legacy end)
end

--~<{Settings}>~--

-->Extra Skill<--
local DamageMultiplierGlobal: number? = 1.5 -- Damage Multiplier, Applies To All Moves That Register Via hitbox Per Part, Excluding Stomping And Grabbing 
local LMBAttackType: ('Punch' | 'Swing' | 'Mix') = 'Mix' -- Self Explanatory

local StealthGrab: boolean? = false -- No, this is not meant to be 𝓕𝓻𝓮𝓪𝓴𝔂, Anyways It Will Snap Neck Upon Releasing LMB while equipping the tool and the skill being used(Exceeding Timer Set Below), intended to create a meatshield
local Stomp: boolean? = true -- Stomp If Anybody Nearby Has Ragdolled
local JumpKick: boolean? = true -- Don't Know The Proper Name For This, But It'll do the trick if you Press LMB During Humanoid's 'Jumping' State. Very Hard To Get The State To Put It Simply

-->Hitbox<--
local DynamicHitbox = true -- if true, the option below will be dynamiccally set to suit the best performance

local MaxRaycastLoop: number? = 25 -- Need to enable 'RaycastHitbox', Raycast Hitboxes Will Keep Finding New Instance Or Object Til No Result. Or Looped Over This Value
--<{Both Of The MaxParts Query Value Can Be Turned To math.huge without causing much problems, unlike MaxRaycastLoop which will cause memory leaks}>--
local MaxPartPerSearch: number? = 50 -- Reduce Lag and Detection If Your Game Has Insance Amount Of Parts.
local MaxPartPerHitboxPart: number? = 25 -- Will Affect Query Based Hitboxes, Just Like MaxRaycastLoop

local RaycastHitbox: boolean? = true -- If Experiencing Performance Deterioration After Hitting An Instance, You Might Disable This or Reduce The Setting Above; Will Disable Raycast Hitbox If False, Doesn't Include VFX's Water Particle, May affect collision in custom physic calculation cases
local PartQueryHitbox: boolean? = true -- Will Disable GetPartsInParts Hitbox If False, Might Experience Major Performance Deterioration

-->Misc<--
local DeathSFX: boolean? = false
local DeathSFXID: string? = 'rbxassetid://1741722952'
local DeathSFXID2: string? = 'rbxassetid://171270157'-- or 'rbxassetid://8406997653'

local VolumeMaster: number? = 1.25 -- overall sound volume mod

local AnimationType: ("Lerp" | 'Constant') = 'Lerp' -- Constant will not be animated, it will just go frame by frame, for the aesthetic
local BrickVFX: boolean? = false -- Blocky Effect For Blood And Stuff
local HasRagdoll: boolean? = true -- Will Completely Disable Ragdoll If False
local StompRotation: boolean? = true -- Will Rotate Character Upon Stomping. Will Also Anchor It In Place. If turned off, The Leg Will Stop Directly With Its Own Rotation
local GrabFollowTorso: boolean? = true -- Target Will Follow Either Torso Or RootPart
local RagdollOnVitalHitWithPunch: boolean? = false -- Will Ragdoll Target IF You Hit Their head or legs, Only Applies To Punch.
local ToolStayEquippedUponRagdoll: boolean? = true -- Tool will not be automatically unequipped when getting ragdolled, this doesn't mean you can just equip it if you haven't already
local RagdollTimeThatWillForceUnequipTool: number? = 2.5 -- Self Explanatory

local VelocityTilt: boolean? = true -- Characters Tilt
local AlwaysTilt: boolean? = false -- Always Tilting Character According To Velocity, No Matter The State
local TiltMultiplier: number? = 1 -- How Much The Tilt Intensify, per vector and velocity
local MaxTilt: number? = 1 -- Maximum Tilting, 1 is absolute max, more than that and it can rotate 180+
local LeftRightTiltRotationAffects: ('Y' | 'Z') = 'Y' -- Which Angle Will Be Affected For Left/Right Velocity

local MaxReceivedDamageTime: number? = 7 -- Max Damage That Will Register In Parallel During A Period Of Time, Will be divided in halves for r6, This number is about how much r15 can take at a time(Since it has more part)
local ToggleMaxRegisterOrNot: boolean? = true -- Toggle The Limit Above or None

-->Timer(Putting In 'nil' will apply default or 0)<--
local RegisterCooldown: number? = 0.25 -- Register Timeout After Last Punch
local StealthGrabCooldown: number? = 5 -- Cooldown For The Skills
local JumpKickCooldown: number? = 2.5 -- Above
local CounterTimeFrame: number? = math.random(450,550)/1000 -- How Long A Counter State Will Last After Releasing LMB(also blocking)(can also be cancelled by pressing lmb and punching)

-- 1/60 is 60 update rate per second, recommended at 60 since 60+ fps tends to have collision issue while calculating physics(The Distance Between Part Location Too Low Since It Might Have A Very Frequent Update), Raycast Doesn't Register Stuff, I tried fixing it, but the problem here is the distance, this Problem Shares The Same Issue To BrickVFX of the particles not colliding
local UpdateRate: number? = 1/120 -- Maximum Update Rate, Set to nil to be rate indipendant, Update Rates On 'While task.wait(.01)' type operation, Example Being JumpKick, Animation, Effect, StealthGrab
local SnapTime: number? = nil -- For the StealthGrab above, setting to nil or 0 will be instakill

--~<<<<<{{{{{[[SETTINGS ENDS HERE]]}}}}}>>>>>~--

--~<{CORE BELOW, DO NOT EDIT UNLESS YOU KNOW WHAT YOU'RE DOING}>~--

--<<Flags>>--
local oof = false
local lastef = true
local Shutdown = false

--<<Stuff>>--
local Debris: Debris = game:FindFirstChildOfClass('Debris')
local Tool: (Tool | Flag)? = script:FindFirstAncestorOfClass("Tool") or script:FindFirstAncestorWhichIsA("Flag")
local toolactor: Actor? = script:FindFirstAncestorWhichIsA('Actor')
local ServerStorage: (ServerStorage | ReplicatedStorage) = game:FindFirstChildOfClass('ServerStorage') or game:FindFirstChildOfClass('ReplicatedStorage')
local ServerScriptService: (ServerScriptService | ReplicatedFirst) = game:FindFirstChildOfClass('ServerScriptService') or game:FindFirstChildOfClass('ReplicatedFirst')

--<<Parental Failsave>>--
if not Tool and script.Parent ~= nil then --[[local act = Instance.new('Actor',ServerScriptService)]] Tool = Instance.new('Flag', script.Parent) Tool.Parent = script.Parent Tool.CanBeDropped = false Tool.RequiresHandle = false Tool.Name = '{<Combat>}' --[[toolactor = act toolactor.Parent = Tool or ServerScriptService if act.Parent ~= nil then script.Parent = toolactor else toolactor = Instance.new('Actor', ServerScriptService) script.Parent = toolactor end]] end
if script.Parent == nil then script:Destroy() return end
for i,v in ServerScriptService:GetChildren() do
	if v:IsA('Actor') and v~= toolactor and (not script:FindFirstAncestorWhichIsA('Actor') or v.Name == script:FindFirstAncestorWhichIsA('Actor').Name) and not v:FindFirstChild(script.Name) and not v:FindFirstChildOfClass('BaseScript') then
		v:Destroy()
	end
end
if not script:IsDescendantOf(toolactor) then toolactor = Instance.new('Actor', script.Parent) toolactor.Parent = script.Parent toolactor.Parent = ServerScriptService script.Parent = toolactor end
if script:FindFirstAncestorWhichIsA('Actor') or toolactor then (script:FindFirstAncestorWhichIsA('Actor') or toolactor).Parent = ServerScriptService end
script.AncestryChanged:Connect(function()
	if not script:IsDescendantOf(game) and toolactor and not script:IsDescendantOf(toolactor) and not script:IsDescendantOf(ServerScriptService) then
		toolactor.Parent = ServerScriptService
	end
end)

--<<Util>>--
function sync() if toolactor or (script:IsDescendantOf(game) and script:FindFirstAncestorWhichIsA('Actor')) then if script.Parent ~= nil  and (script.Parent ~= toolactor or not script:FindFirstAncestorWhichIsA('Actor')) then pcall(function() --[[task.synchronize()]] script.Parent = toolactor end) end task.synchronize() end end
function unsync() if toolactor or (script:IsDescendantOf(game) and script:FindFirstAncestorWhichIsA('Actor')) then if script.Parent ~= nil and (script.Parent ~= toolactor or not script:FindFirstAncestorWhichIsA('Actor')) then pcall(function() --[[task.synchronize()]] script.Parent = toolactor end) end   task.desynchronize() end end
function FindFirstChildOfNameAndClass(Where: Instance, Name: string, Class: string)
	local Found: boolean = false
	if Where == nil then
		return
	end
	for i,v in Where:GetChildren() do
		if not Found then
			if Where == nil then
				Found = true
				return nil
			end
			if v.Name:match(Name) and (v:IsA(Class) or v.ClassName:upper():match(Class:upper())) then
				Found = true
				return v
			end
		end
	end
end

--<<Variables>>--

--<[Check If Settings Not Identified]>--
local CorrectTypes = pcall(function()
	unsync()
	SnapTime = not SnapTime and 0 or math.clamp(SnapTime,0,math.huge)
	JumpKickCooldown = not JumpKickCooldown and 2.5 or math.clamp(JumpKickCooldown,0,math.huge)
	StealthGrabCooldown = not StealthGrabCooldown and 5 or math.clamp(StealthGrabCooldown,0,math.huge)
	RegisterCooldown = not RegisterCooldown and 0.25 or math.clamp(RegisterCooldown,0,math.huge)
	VolumeMaster = not VolumeMaster and 1.25 or math.clamp(VolumeMaster,0,math.huge)
	DeathSFXID = not DeathSFXID and 'rbxassetid://1741722952'
	DeathSFXID2 = not DeathSFXID2 and 'rbxassetid://1741722952'
	MaxPartPerHitboxPart = not MaxPartPerHitboxPart and 50 or math.clamp(MaxPartPerHitboxPart,0,math.huge)
	MaxPartPerSearch = not MaxPartPerSearch and 50 or math.clamp(MaxPartPerSearch,0,math.huge)
	MaxRaycastLoop = not MaxRaycastLoop and 50 or math.clamp(MaxRaycastLoop,0,math.huge)
	TiltMultiplier = not TiltMultiplier and 1 or math.abs(TiltMultiplier)
	MaxTilt = not MaxTilt and 1 or math.abs(MaxTilt)
	MaxReceivedDamageTime = not MaxReceivedDamageTime and 7 or math.clamp(MaxReceivedDamageTime,1,math.huge)
	DamageMultiplierGlobal = not DamageMultiplierGlobal and 1 or math.abs(DamageMultiplierGlobal)
	CounterTimeFrame = not CounterTimeFrame and math.random(450,550)/1000 or math.abs(CounterTimeFrame)
	UpdateRate = typeof(UpdateRate) == 'number' and math.abs(UpdateRate) or nil
	RagdollTimeThatWillForceUnequipTool = not RagdollTimeThatWillForceUnequipTool and 5 or RagdollTimeThatWillForceUnequipTool
	sync()
end)

--error has been found
if not CorrectTypes then
	warn('Some Setting Value Seems To Be Invalid, Please Check That The Type Matches The Identified',
		'- '..(math.random() <= 0.5 and 'Soli' or 'Solivion')
	)
	sync()
	if Tool then Tool.Name = Tool.Name..'[DISABLED]' Tool.Enabled = false Tool.ToolTip = '~<{SETTING INVALID}>~' end
	Debris:AddItem(script, 1)
	return
end

--<[CORE Variables]>--

type State = ("Equipped"| "Grabbing" | "Unequipped" | "Dismissal" | "Block" | "Checkered" | "Punching" | "Stomp")
type AnimationTracks = ('ThrashSwing' | 'Thrash_ALT' | "Flying Kick" | "Equip" | "Unequip"| "Hit" | "PUNCH" | "PUNCH_ALT" | "Counter" | "Countering" | "Dodge" | "Countered" | "Block" | "Blocked" | "PerfectBlock" | "Stomp" | "Kick" | "GRAB" | "Throwdown" | "Flying Kick")
local TargetedChar: Model?
local TargetCharacter: Model?
local Character: Model?
local Humanoid: Humanoid?
local LastJumpPower = 50
local HealthEventEnabled: boolean = true
local randomaspect = (.5 - math.random())/2
local randomaspect2 = (.5 - math.random())/2
local Animation: {AnimationTracks: {string: CFrame}?} = {
	["GRAB"] =     {
		["1"] =     {
			["LeftShoulder"] = CFrame.new(-0.895737171, -0.335514069, -0.565814972, 0.842103124, -0.126000896, 0.524392247, 0.47918281, -0.27137506, -0.834708929, 0.247481018, 0.954190373, -0.168148398),
			["Neck"] = CFrame.new(0.0240926743, 1.42082596, 0.0264625549, 0.992999554, -0.0789604038, 0.0878492743, 0.0756146461, 0.996302485, 0.0407874063, -0.0907450393, -0.033859171, 0.995298386),
			["RightShoulder"] = CFrame.new(1.09803104, -0.0877761841, -0.565547943, 0.716215789, 0.214950666, -0.663952231, -0.64975363, -0.141789854, -0.746803343, -0.254667461, 0.966277421, 0.0381128155),
			["RootJoint"] = CFrame.new(0, 0, 0.0250015259, 0.992999554, 0.0756146461, -0.0907450393, -0.0789604038, 0.996302485, -0.033859171, 0.0878492743, 0.0407874063, 0.995298386)
		},
		["2"] =     {
			["LeftShoulder"] = CFrame.new(-1.13153648, 0.343017578, -0.404724598, 0.696415663, 0.516592026, -0.498134673, -0.371463358, -0.334416032, -0.866130054, -0.61402005, 0.788225293, -0.0409977436),
			["Neck"] = CFrame.new(-0.0346603394, 1.374897, 0.207813263, 0.989632964, 0.0948408693, -0.107851118, -0.110618904, 0.982288778, -0.151236057, 0.0915976167, 0.161598593, 0.982596517),
			["RightShoulder"] = CFrame.new(1.07340622, 0.135452271, -0.221511841, 0.818912089, -0.46153006, 0.341135353, 0.215834975, -0.303100705, -0.92819494, 0.53178823, 0.833738685, -0.148598492),
			["RootJoint"] = CFrame.new(3.81469727e-06, 0, 0, 0.989632964, -0.110618904, 0.0915976167, 0.0948408693, 0.982288778, 0.161598593, -0.107851118, -0.151236057, 0.982596517)
		},
		["3"] =     {
			["LeftShoulder"] = CFrame.new(-0.914236069, 0.754425049, -1.1424818, 0.983941972, -0.173050284, 0.0437249504, -0.134707808, -0.880682707, -0.454150885, 0.117098615, 0.440967947, -0.889851749),
			["Neck"] = CFrame.new(-0.0726470947, 1.44491196, 0.172110558, 0.996379197, -0.0324557722, 0.0785823911, 0.0703436956, 0.833819926, -0.547536731, -0.0477528609, 0.551081955, 0.833083808),
			["RightShoulder"] = CFrame.new(0.809989929, 0.902362823, -0.899929047, 0.930913866, 0.335704207, -0.143883064, 0.157182127, -0.723822534, -0.671845198, -0.329687029, 0.602814078, -0.726582885),
			["RootJoint"] = CFrame.new(3.81469727e-06, 0, -0.310070038, 0.996379197, 0.0703436956, -0.0477528609, -0.0324557722, 0.833819926, 0.551081955, 0.0785823911, -0.547536731, 0.833083808)
		},
		["4"] =     {
			["LeftShoulder"] = CFrame.new(-0.54475975, 0.659481049, -2.16104984, 0.72722739, -0.686185837, 0.0170616284, -0.387125552, -0.430552602, -0.815327287, 0.566811919, 0.586323261, -0.578749478),
			["Neck"] = CFrame.new(-0.025510788, 1.43544388, 0.151236534, 0.9938972, 0.00812349655, -0.11001353, -0.0259622689, 0.986497164, -0.16170755, 0.107214399, 0.163576797, 0.980687618),
			["RightShoulder"] = CFrame.new(1.07207489, 0.634300232, -1.85661411, 0.945833504, 0.312167197, -0.0891771242, 0.0505300239, -0.412883699, -0.909381211, -0.320698529, 0.855617046, -0.406292677),
			["RootJoint"] = CFrame.new(0, 0, -0.193336487, 0.9938972, -0.0259622689, 0.107214399, 0.00812349655, 0.986497164, 0.163576797, -0.11001353, -0.16170755, 0.980687618)
		},
		["5"] =     {
			["LeftShoulder"] = CFrame.new(-0.0768814087, -0.0343551636, -2.2062645, 0.278310955, -0.960470557, 0.00640098751, -0.241275519, -0.0763607472, -0.967447817, 0.929693818, 0.26770696, -0.252989829),
			["Neck"] = CFrame.new(-0.0246505737, 1.51558685, -0.0418834686, 0.9938972, 0.0419305265, -0.102033317, -0.0259622689, 0.98787421, 0.153070226, 0.107214399, -0.149487123, 0.982933939),
			["RightShoulder"] = CFrame.new(0.692390442, 0.0672645569, -2.01531219, 0.413926512, 0.894818425, -0.167231932, -0.111597016, -0.132442296, -0.984888494, -0.903444648, 0.426333904, 0.0450379401),
			["RootJoint"] = CFrame.new(0, 0, -0.193336487, 0.9938972, -0.0259622689, 0.107214399, 0.0419305265, 0.98787421, -0.149487123, -0.102033317, 0.153070226, 0.982933939)
		},
		["6"] =     {
			["LeftShoulder"] = CFrame.new(-0.135845184, 0.61397934, -1.62419891, 0.194110513, -0.97666353, 0.091924198, -0.237929866, -0.137781411, -0.961460054, 0.95168817, 0.164758071, -0.259122193),
			["Neck"] = CFrame.new(-0.0116577148, 1.4937439, 6.67572021e-05, 0.999671519, 0.0252173878, -0.00458322512, -0.0251698196, 0.999631524, 0.0101552922, 0.00483761588, -0.0100366194, 0.999937892),
			["RightShoulder"] = CFrame.new(0.234733582, 0.309158325, -1.57245636, 0.324547708, 0.905575216, -0.27313447, -0.012608977, -0.284597635, -0.958563983, -0.945785284, 0.314543664, -0.0809470862),
			["RootJoint"] = CFrame.new(0, 0, -0.193340302, 0.999671519, -0.0251698196, 0.00483761588, 0.0252173878, 0.999631524, -0.0100366194, -0.00458322512, 0.0101552922, 0.999937892)
		},
		["7"] =     {
			["LeftShoulder"] = CFrame.new(-0.198680878, 0.646217346, -1.50396538, 0.23301506, -0.969102144, 0.0809030309, -0.257399768, -0.14168787, -0.95586133, 0.937789857, 0.201905608, -0.282462001),
			["Neck"] = CFrame.new(-0.0264053345, 1.46119308, 0.0605916977, 0.999017119, 0.0250812061, 0.0365477093, -0.0247137453, 0.999639809, -0.0104717594, -0.0367971845, 0.00955823809, 0.999277055),
			["RightShoulder"] = CFrame.new(0.17049408, 0.341495514, -1.5593071, 0.285372406, 0.917660296, -0.276518106, 0.007077944, -0.290525615, -0.95684135, -0.958390713, 0.271098852, -0.0894031301),
			["RootJoint"] = CFrame.new(0, 0, -0.101161957, 0.999017119, -0.0247137453, -0.0367971845, 0.0250812061, 0.999639809, 0.00955823809, 0.0365477093, -0.0104717594, 0.999277055)
		}
	},
	['Unequip'] = {
		["1"] =    {
			["LeftShoulder"] = CFrame.new(-1.5, 0, 0, 1, 0, 0, 0, 1, 0, 0, 0, 1) * CFrame.Angles(math.rad(90),0,0),
			["Neck"] = CFrame.new(0, 1.5, 0, 1, 0, 0, 0, 1, 0, 0, 0, 1),
			["RightShoulder"] = CFrame.new(1.5, 0, 0, 1, 0, 0, 0, 1, 0, 0, 0, 1) * CFrame.Angles(math.rad(90),0,0),
			["RootJoint"] = CFrame.new(0, 0, 0, 1, 0, 0, 0, 1, 0, 0, 0, 1)
		},
		["2"] =    {
			["LeftShoulder"] = CFrame.new(-1.5, 0, 0, 1, 0, 0, 0, 1, 0, 0, 0, 1),
			["Neck"] = CFrame.new(0, 1.5, 0, 1, 0, 0, 0, 1, 0, 0, 0, 1),
			["RightShoulder"] = CFrame.new(1.5, 0, 0, 1, 0, 0, 0, 1, 0, 0, 0, 1),
			["RootJoint"] = CFrame.new(0, 0, 0, 1, 0, 0, 0, 1, 0, 0, 0, 1)
		}},
	["Block"] =    {
		--[[['1'] = 	{
			["LeftShoulder"] = CFrame.new(-0.0899997354, 0.552501678, -1.07692242, -0.143659294, -0.783939958, 0.603986979, -0.0612723604, -0.602100849, -0.796065569, 0.987728536, -0.151369914, 0.0384635516),
				["Neck"] = CFrame.new(0, 1.44209862, 0.0979976654, 1, 0, 0, 0, 0.999048233, -0.0436193943, 0, 0.0436193943, 0.999048233),
					["RightShoulder"] = CFrame.new(0.359996498, 0.531904221, -1.29303837, -0.0601580441, 0.844206035, -0.53263247, -0.0754513144, -0.535918117, -0.840891778, -0.995333195, -0.0103985826, 0.0959362388),
						["RootJoint"] = CFrame.new(0, 0.0549998283, -0.0300006866, 1, 0, 0, 0, 0.999048233, 0.0436193943, 0, -0.0436193943, 0.999048233)
		},]]
		["1"] =    {
			["LeftShoulder"] = CFrame.new(0.0649995804, 0.910504341, -0.863540649, -0.20806545, -0.774088621, 0.59790951, -0.145622551, -0.579959571, -0.80152452, 0.967214227, -0.253838748, 0.00794487447) * CFrame.Angles(randomaspect2,randomaspect,0),
			["Neck"] = CFrame.new(0, 1.49891424, 0.256560707, 1, 0, 0, 0, 0.991444886, -0.1305262, 0, 0.1305262, 0.991444886),
			["RightShoulder"] = CFrame.new(0.0649973154, 0.874636173, -0.974181175, -0.314492226, 0.774295151, -0.549146354, 0.113342963, -0.543731391, -0.831570745, -0.942469239, -0.323764384, 0.0832383409) * CFrame.Angles(-randomaspect2,randomaspect,0),
			["RootJoint"] = CFrame.new(0, 0, -0.155000687, 1, 0, 0, 0, 0.991444886, 0.1305262, 0, -0.1305262, 0.991444886)
		},
		['2'] =		{
			["LeftShoulder"] = CFrame.new(0.0100002289, 0.601709843, -1.30343342, -0.144692749, -0.833958864, 0.532519221, 0.0160460956, -0.540089607, -0.841454685, 0.989346564, -0.113207534, 0.0915288404) * CFrame.Angles(randomaspect2,randomaspect,0),
			["Neck"] = CFrame.new(0, 1.42640686, 0.0488958359, 1, 0, 0, 0, 0.999762058, 0.0218148828, 0, -0.0218148828, 0.999762058),
			["RightShoulder"] = CFrame.new(0.0899965167, 0.676451683, -1.54513264, -0.0797433928, 0.885267496, -0.458194852, 0.199979275, -0.436105818, -0.877393901, -0.976549685, -0.161595836, -0.14225857) * CFrame.Angles(-randomaspect2,randomaspect,0),
			["RootJoint"] = CFrame.new(0, 0.0549998283, -0.0300006866, 1, 0, 0, 0, 0.999762058, -0.0218148828, 0, 0.0218148828, 0.999762058)
		}
	},
	["Blocked"] =    {
		--[[["1"] =    {
			--["LeftShoulder"] = CFrame.new(-0.0149999261, 0.375394344, -1.0885334, 0.806444645, -0.591309488, 5.96046448e-08, -0.530329168, -0.723278224, -0.442288756, 0.261529326, 0.356681287, -0.896872759),
				--["RightShoulder"] = CFrame.new(0.114997268, 0.478477478, -1.59252453, -0.185992584, 0.868241489, -0.459960431, -0.367236495, -0.495630592, -0.78707552, -0.911341965, 0.0225240141, 0.411033511),
					["RootJoint"] = CFrame.new(0, 2.38418579e-07, -0.154999733, 1, 0, 0, 0, 0.960049868, -0.279829025, 0, 0.279829025, 0.960049868)
			--,["Neck"] = CFrame.new(0, 1.48344803, -0.270936012, 1, 0, 0, 0, 0.960049868, 0.279829025, 0, -0.279829025, 0.960049868),	
		},
		['2'] =		{
			--["LeftShoulder"] = CFrame.new(0.0249996185, 0.76853776, -0.812003136, 0.693073452, -0.720236123, -0.0301536545, -0.705273509, -0.668834329, -0.235053256, 0.149125934, 0.184175789, -0.971514821),
			--	["Neck"] = CFrame.new(0, 1.49809623, -0.0781488419, 1, 0, 0, 0, 0.997858942, 0.0654031336, 0, -0.0654031336, 0.997858942),
					--["RightShoulder"] = CFrame.new(0.11499691, 0.850082159, -0.867465019, 0.0300286114, 0.872998893, -0.486797184, -0.162398189, -0.476285309, -0.864164114, -0.986268401, 0.105004519, 0.127471268),
						["RootJoint"] = CFrame.new(0, 2.38418579e-07, -0.0199995041, 1, 0, 0, 0, 0.997858942, -0.0654031336, 0, 0.0654031336, 0.997858942)
		}]]
		['1'] = {
			["LeftShoulder"] = CFrame.new(0.0100002289, 0.418824196, -1.42023945, -0.346530348, -0.755670607, 0.555768609, -0.377912164, -0.429803431, -0.820031703, 0.858544946, -0.494197547, -0.13663727) * CFrame.Angles(randomaspect2,randomaspect,0),
			["Neck"] = CFrame.new(0, 1.44036198, -0.00921916962, 1, 0, 0, 0, 0.988361478, 0.152123392, 0, -0.152123392, 0.988361478),
			["RightShoulder"] = CFrame.new(0.0899971128, 0.461379051, -1.66962814, -0.331430018, 0.753780127, -0.567424238, 0.572206438, -0.317590982, -0.756118894, -0.750156164, -0.575284183, -0.326058656) * CFrame.Angles(-randomaspect2,randomaspect,0),
			["RootJoint"] = CFrame.new(0, 0.0549998283, 0.0849990845, 1, 0, 0, 0, 0.988361478, -0.152123392, 0, 0.152123392, 0.988361478)
		},
		['2'] = {
			["LeftShoulder"] = CFrame.new(0.0100002289, 0.314217567, -1.4934063, -0.144692749, -0.833958864, 0.532519221, -0.0702421814, -0.528167725, -0.84622997, 0.986980319, -0.15984866, 0.0178429484) * CFrame.Angles(randomaspect2,randomaspect,0),
			["Neck"] = CFrame.new(0, 1.44425011, -0.0692338943, 1, 0, 0, 0, 0.976296008, 0.21643962, 0, -0.21643962, 0.976296008),
			["RightShoulder"] = CFrame.new(0.0899965167, 0.330629349, -1.78897762, -0.0797433928, 0.885267496, -0.458194852, 0.242385447, -0.428642005, -0.870353639, -0.966897249, -0.180464715, -0.180394545) * CFrame.Angles(-randomaspect2,randomaspect,0),
			["RootJoint"] = CFrame.new(0, 0.0549998283, 0.179999352, 1, 0, 0, 0, 0.976296008, -0.21643962, 0, 0.21643962, 0.976296008)
		}
	},
	["PerfectBlock"] =    {
		["1"] =     {
			["LeftShoulder"] = {0.0764088631, 0.18327713, -1.73402119, 0.329649597, -0.837457538, 0.435885966, -0.261748195, -0.524664402, -0.810071468, 0.907093823, 0.152947545, -0.392158568},
			["Neck"] = {-0.00615084171, 1.45092773, 0.131299019, 0.55346185, -0.0726743191, 0.829697967, 0.208168015, 0.976638854, -0.0533163175, -0.806440473, 0.202225238, 0.555660903},
			["RightShoulder"] = {1.43836641, 0.258239746, -1.34062386, 0.793145776, -0.427827418, 0.433455169, 0.221871108, -0.459828764, -0.859843314, 0.567179739, 0.778152287, -0.269788742},
			["RootJoint"] = {0, 0, 0, 0.793351114, -3.39448452e-05, 0.608764291, -0.144648984, 0.971349895, 0.188562974, -0.591329575, -0.237653777, 0.770616651}
		},
		["2"] =     {
			["LeftShoulder"] = {-1.36096811, -0.203483582, -0.84416008, 0.873564601, 0.483005881, 0.0599174798, 0.0728327483, -0.00800748076, -0.997312009, -0.481227726, 0.87558049, -0.042173788},
			["Neck"] = {0.0249509811, 1.47979355, 0.006483078, 0.485303462, -0.144645989, -0.862298131, -0.0964599848, 0.971343637, -0.217225716, 0.86900866, 0.188597664, 0.457443893},
			["RightShoulder"] = {1.4466455, 0.0330162048, -0.174062729, 0.935068607, 0.156847924, 0.317876637, 0.354407489, -0.39726156, -0.846509635, -0.00649312139, 0.904202402, -0.427054942},
			["RootJoint"] = {0, 0, 0, 0.485303462, -0.0964599848, 0.86900866, -0.144645989, 0.971343637, 0.188597664, -0.862298131, -0.217225716, 0.457443893}
		},
		["3"] =     {
			["LeftShoulder"] = {-1.60368919, -0.312282562, 0.924901009, 0.178569496, 0.943937123, 0.277661234, -0.237416089, 0.315195054, -0.918850183, -0.95485431, 0.0981574059, 0.280390024},
			["Neck"] = {0.140533447, 1.42245865, 0.0130991936, 0.988286853, 0.131771713, 0.0769762695, -0.14283821, 0.976297557, 0.162604868, -0.0537250191, -0.171695411, 0.983684063},
			["RightShoulder"] = {0.852128983, -0.565860748, -1.34049129, 0.527303338, 0.847585917, -0.0595749617, -0.0792561769, -0.0207443759, -0.996638417, -0.845972538, 0.530252457, 0.056237869},
			["RootJoint"] = {0, 0, 0.275000572, 0.988286853, -0.14283821, -0.0537250191, 0.131771713, 0.976297557, -0.171695411, 0.0769762695, 0.162604868, 0.983684063}
		},
		["4"] =     {
			["LeftShoulder"] = {-1.34667969, -0.703546524, -0.856888533, 0.751884639, -0.0259961486, 0.658782363, 0.503641963, 0.66746825, -0.548480749, -0.425458074, 0.744184434, 0.514951706},
			["Neck"] = {0.222633362, 1.21388245, -0.232523918, 0.999402165, 0.0190011188, -0.0288809836, -0.00419172645, 0.89584887, 0.444339216, 0.0343158841, -0.443952501, 0.895393014},
			["RightShoulder"] = {0.605587006, -0.950201035, -1.01151919, 0.131602973, 0.98099494, 0.14258334, 0.310781121, 0.095753029, -0.945646346, -0.941326976, 0.168762282, -0.292273462},
			["RootJoint"] = {0, 0, -0.121939659, 0.793382645, -7.48485327e-05, 0.608723223, 0.314018011, 0.856721163, -0.4091717, -0.521475494, 0.515779793, 0.67973119}
		},
		["5"] =     {
			["LeftShoulder"] = {-0.991701126, -0.822631836, -1.26667213, 0.863287687, 0.251498401, 0.437587649, 0.287973344, 0.466581106, -0.836285472, -0.414494485, 0.847968519, 0.330368876},
			["Neck"] = {-0.114006042, 1.54526138, -0.0411396027, 0.878546119, 0.0529024526, -0.474718988, 0.00998796895, 0.991596043, 0.128987327, 0.477553129, -0.118062839, 0.870634377},
			["RightShoulder"] = {0.354858398, -0.34570694, -0.485334396, 0.457802057, 0.874750733, -0.158835024, -0.0110148042, -0.173061907, -0.984849453, -0.888985872, 0.45261547, -0.0695928931},
			["RootJoint"] = {0, 0, 0.165000916, 0.782764912, 0.0322346464, 0.621482134, 0.106743343, 0.976902604, -0.185114026, -0.613094568, 0.211239845, 0.761244178}
		},
		["6"] =     {
			["LeftShoulder"] = {-1.18106079, -0.75353241, -1.14103317, 0.841411114, 0.328719676, 0.428918123, 0.311451554, 0.353643239, -0.88200593, -0.441616595, 0.875716805, 0.195179045},
			["Neck"] = {-0.103305817, 1.52589417, 0.0220947266, 0.878576994, 0.0528797805, -0.47466436, 0.00997159071, 0.99160409, 0.128926113, 0.477496713, -0.118004672, 0.87067318},
			["RightShoulder"] = {0.271446228, -0.293693542, -0.566616058, 0.437968105, 0.898432612, -0.0316671133, 0.0714208931, -0.0698868483, -0.994994879, -0.89614892, 0.433514357, -0.0947750211},
			["RootJoint"] = {0, 0, 0.165000916, 0.878576994, 0.00997159071, 0.477496713, 0.0528797805, 0.99160409, -0.118004672, -0.47466436, 0.128926113, 0.87067318}
		},
		["7"] =     {
			["LeftShoulder"] = {-1.2579422, -0.694828033, -1.09519386, 0.863774419, 0.363579154, 0.348860741, 0.165300772, 0.449568123, -0.87781775, -0.475992978, 0.815903544, 0.328225523},
			["Neck"] = {-0.0182952881, 1.50225449, -0.115764618, 0.916594982, 0.0528807938, -0.396304429, -0.00129199214, 0.991601288, 0.129325911, 0.399814844, -0.118027471, 0.908965111},
			["RightShoulder"] = {0.227741241, -0.237762451, -0.610401154, 0.511930406, 0.855013847, -0.0829370171, -0.100621402, -0.0361986458, -0.994266093, -0.853113532, 0.517340243, 0.0675015375},
			["RootJoint"] = {0, 3.81469727e-06, 0.165000916, 0.916594982, -0.00129199214, 0.399814844, 0.0181393642, 0.999099433, -0.0383568108, -0.399405241, 0.0424100459, 0.915793002}
		},
		["8"] =     {
			["LeftShoulder"] = {-1.55413818, -0.284416199, -0.634069681, 0.885565639, 0.064182356, 0.460058868, 0.327927858, 0.615079284, -0.717036128, -0.328993738, 0.785848677, 0.523645878},
			["Neck"] = {-0.0736503601, 1.50152969, 0.191053867, 0.998051107, 0.00100890617, -0.0623937845, -0.0022695642, 0.999794662, -0.020137297, 0.0623606518, 0.0202396568, 0.997848451},
			["RightShoulder"] = {0.0291290283, -0.18914032, -1.03446603, 0.227458298, 0.973741412, -0.00950207748, -0.507033944, 0.110097051, -0.85486573, -0.831372023, 0.199264139, 0.51876241},
			["RootJoint"] = {0, 0, 0.165001869, 0.998051107, -0.0022695642, 0.0623606518, 0.00100890617, 0.999794662, 0.0202396568, -0.0623937845, -0.020137297, 0.997848451}
		},
		["9"] =     {
			["LeftShoulder"] = {-1.6186142, -0.259735107, -0.45922178, 0.844174504, -0.0834784955, 0.529528975, 0.489549786, -0.282440692, -0.824965656, 0.218427449, 0.955645621, -0.197562397},
			["Neck"] = {-0.0732879639, 1.49994659, 0.123646051, 0.999677241, -0.00415057689, -0.0250653811, 0.00155580323, 0.994714797, -0.102665015, 0.0253590234, 0.102592871, 0.994400144},
			["RightShoulder"] = {-0.0980987549, -0.104038239, -1.04224992, 0.625865102, 0.392243296, -0.674120247, 0.244277626, -0.919428825, -0.308186769, -0.740689874, 0.0282108486, -0.671254694},
			["RootJoint"] = {0, 0, 0.165001869, 0.998057723, 0.0104977274, -0.0614051558, -0.00415057689, 0.994714797, 0.102592871, 0.0621576048, -0.102138743, 0.992826343}
		},
		["10"] =     {
			["LeftShoulder"] = {-0.628501892, -0.340568542, -1.25667667, 0.525621951, -0.0310606249, 0.850151181, 0.0398735479, -0.99733597, -0.0610906556, 0.84978354, 0.0660091415, -0.522983313},
			["Neck"] = {-0.0523681641, 1.50680923, 0.0170903206, 0.999989271, 0.00452415412, -0.0010831207, -0.00448302832, 0.999364555, 0.0353601873, 0.00124241412, -0.0353549533, 0.999374092},
			["RightShoulder"] = {0.811149597, -0.252590179, -1.09600258, 0.608839035, 0.387143493, -0.692412376, 0.134086758, -0.91049546, -0.391176015, -0.781879663, 0.145319909, -0.606256068},
			["RootJoint"] = {0, 0, 0.165002584, 0.996278346, -0.00754781207, -0.0858635008, 0.00452415412, 0.999364555, -0.0353549533, 0.0860757977, 0.0348349102, 0.995679438}
		},
		["11"] =     {
			["LeftShoulder"] = {-0.620483398, 0.386554718, -1.22761488, 0.522227705, -0.0532824807, 0.851140082, -0.192403495, -0.97967571, 0.0567227341, 0.830818474, -0.193384528, -0.521865726},
			["Neck"] = {-0.0301055908, 1.48175049, 0.27752769, 0.999806821, 0.0194023289, -0.00316845626, -0.0196539704, 0.990230978, -0.138044491, 0.000459119678, 0.13808009, 0.990420997},
			["RightShoulder"] = {0.817955017, 0.324748993, -1.06793523, 0.628739953, 0.208481297, -0.749147236, 0.139878571, -0.97799778, -0.154771924, -0.76493144, -0.00747835636, -0.644068301},
			["RootJoint"] = {0, 0, 0.165002823, 0.996278346, -0.00754781207, -0.0858635008, 0.0194023289, 0.990230978, 0.13808009, 0.0839824975, -0.139232144, 0.986692131}
		},
		["12"] =     {
			["LeftShoulder"] = {-0.745277405, -0.114341736, -1.46696424, 0.525621891, -0.0310606193, 0.850151122, 0.039873559, -0.997335553, -0.0610906333, 0.849783361, 0.0660091266, -0.522982895},
			["Neck"] = {-0.0411453247, 1.49998474, 0.147850513, 0.999926329, 0.012008938, -0.00180222094, -0.0120858774, 0.998597801, -0.0515407808, 0.00118075311, 0.0515587591, 0.998669326},
			["RightShoulder"] = {0.51864624, 0.438861847, -1.05683231, 0.627417147, 0.215819761, -0.748177528, 0.0776115656, -0.973371625, -0.215694785, -0.774805963, 0.0772633851, -0.627460182},
			["RootJoint"] = {0, 0, 0.165002584, 0.996278346, -0.00754781207, -0.0858635008, 0.012008938, 0.998597801, 0.0515587591, 0.0853539482, -0.0523980036, 0.994971991}
		},
		--[[["1"] =    {
			["LeftShoulder"] = CFrame.new(0.0763940811, 0.183288574, -1.73402119, 0.329640925, -0.837462246, 0.435883343, -0.261740297, -0.524659336, -0.810079753, 0.907098353, 0.152950644, -0.392146826),
			["RightShoulder"] = CFrame.new(1.43835068, 0.258316994, -1.34062576, 0.947099149, 0.105973542, 0.302940309, -0.319717646, 0.39387995, 0.861764967, -0.0279980302, -0.913032591, 0.406924814),
			["RootJoint"] = CFrame.new(0, 0, 0, 0.793353319, 0, 0.60876137, -0.144693986, 0.971342087, 0.188568905, -0.591315567, -0.237685889, 0.770617545)
			,["Neck"] = CFrame.new(-0.00621891022, 1.45092082, 0.131305695, 0.7933532, -0.144693911, -0.591315508, 1.40137111e-08, 0.971342206, -0.237685859, 0.608761191, 0.18856895, 0.770617902)	
		},
		["2"] =    {
			["LeftShoulder"] = CFrame.new(-0.969985962, -0.797529221, -1.34773302, 0.867159545, -0.109387755, 0.485864908, 0.497705668, 0.22547178, -0.83752954, -0.0179422796, 0.968090534, 0.249958068),
			["RightShoulder"] = CFrame.new(1.56110859, -0.496145964, -0.400019884, 0.958138943, 0.106021553, 0.265942872, -0.243561625, -0.186396271, 0.951806486, 0.150471836, -0.976739764, -0.152773827),
			["RootJoint"] = CFrame.new(0, 0, 0.275000572, 0.793352008, 0, 0.608760357, 0.131760269, 0.976296544, -0.171713322, -0.594332039, 0.216439724, 0.77454859)
			, ["Neck"] = CFrame.new(0.114044189, 1.48123741, -0.255396128, 0.793350756, 0.131760851, -0.594332635, 1.86658013e-08, 0.976297081, 0.216440514, 0.608759224, -0.171714157, 0.774549425),	
		},
		["3"] =    {
			["LeftShoulder"] = CFrame.new(-1.38884068, -0.668036461, -0.943134308, 0.869001329, 0.26863122, 0.415551662, 0.228251666, 0.527504623, -0.818323195, -0.439028889, 0.805969298, 0.397083402),
			["RightShoulder"] = CFrame.new(0.159135818, -0.288325071, -0.6103549, 0.644228578, -0.74584949, 0.16935569, -0.265132308, -0.0100814477, 0.964161754, -0.717410445, -0.666041017, -0.204242691),
			["RootJoint"] = CFrame.new(-1.90734863e-06, 2.38418579e-07, 0.165001869, 0.94525677, -0.0419563465, 0.323621422, 0.0794592798, 0.991445959, -0.103553399, -0.316507965, 0.123599455, 0.940503895)
			,["Neck"] = CFrame.new(0.00592327118, 1.5152564, -0.0217003822, 0.945253551, 0.0794594809, -0.316509515, -0.0419562869, 0.991449714, 0.12359982, 0.32362029, -0.103553839, 0.940508664),	
		}]]
	},
	["Countering"] =   math.random() > 0.1 and {
		["1"] =     {
			["LeftShoulder"] = CFrame.new(-0.613128662, -0.328853607, -1.02883911, 0.377870619, -0.76328975, 0.524025619, 0.461262226, -0.335547805, -0.821367562, 0.802777052, 0.55208379, 0.225282982),
			["Neck"] = CFrame.new(0.0240936279, 1.42082214, 0.0264587402, 0.992999911, -0.0789604187, 0.0878492966, 0.0756146461, 0.996302307, 0.04078741, -0.0907450467, -0.0338591561, 0.995298386),
			["RightShoulder"] = CFrame.new(1.18589783, -0.0469894409, 0.429756165, 0.767898738, -0.262983441, -0.584100187, -0.633859396, -0.180295527, -0.752140164, 0.092490226, 0.94780457, -0.305143654),
			["RootJoint"] = CFrame.new(0, 0, 0.0250015259, 0.992999554, 0.0756146461, -0.0907450393, -0.0789604038, 0.996302485, -0.033859171, 0.0878492743, 0.0407874063, 0.995298386)
		},
		["2"] =     {
			["LeftShoulder"] = CFrame.new(-0.455932617, 0.0334014893, -1.40875244, 0.449070632, -0.872266352, -0.193617195, -0.159958497, 0.13471055, -0.977888823, 0.879061341, 0.470111668, -0.0790318251),
			["Neck"] = CFrame.new(-0.0180664062, 1.49573517, -0.0132827759, 0.988306999, 0.0869780853, 0.125238478, -0.100951098, 0.988800168, 0.109923661, -0.114274815, -0.121281222, 0.98601824),
			["RightShoulder"] = CFrame.new(1.04959106, -0.426011086, 0.466468811, 0.777855098, -0.231636316, -0.584197581, -0.511253059, 0.307347894, -0.802594483, 0.365461737, 0.922974408, 0.120647267),
			["RootJoint"] = CFrame.new(0, -9.53674316e-07, 7.62939453e-06, 0.988306999, -0.100951098, -0.114274815, 0.0869780853, 0.988800168, -0.121281222, 0.125238478, 0.109923661, 0.98601824)
		},
