<roblox xmlns:xmime="http://www.w3.org/2005/05/xmlmime" xmlns:xsi="http://www.w3.org/2001/XMLSchema-instance" xsi:noNamespaceSchemaLocation="http://www.roblox.com/roblox.xsd" version="4">
	<Meta name="ExplicitAutoJoints">true</Meta>
	<External>null</External>
	<External>nil</External>
	<Item class="Tool" referent="RBX457F041130BC47318B51CEA50BB4CAEA">
		<Properties>
			<bool name="CanBeDropped">true</bool>
			<bool name="Enabled">true</bool>
			<CoordinateFrame name="Grip">
				<X>0</X>
				<Y>-1</Y>
				<Z>0</Z>
				<R00>-0.258819044</R00>
				<R01>-0.965925813</R01>
				<R02>4.22219593e-08</R02>
				<R10>-0</R10>
				<R11>-4.37113883e-08</R11>
				<R12>-1</R12>
				<R20>0.965925813</R20>
				<R21>-0.258819044</R21>
				<R22>1.13133396e-08</R22>
			</CoordinateFrame>
			<bool name="ManualActivationOnly">false</bool>
			<bool name="RequiresHandle">true</bool>
			<string name="ToolTip">A Great Alternative For Bricks!</string>
			<Content name="TextureId"><url>rbxassetid://0</url></Content>
			<token name="LevelOfDetail">1</token>
			<CoordinateFrame name="ModelMeshCFrame">
				<X>2.64612603</X>
				<Y>1.00100899</Y>
				<Z>-83.2257767</Z>
				<R00>0.302999884</R00>
				<R01>0.148649335</R01>
				<R02>-0.941326022</R02>
				<R10>-0.946936309</R10>
				<R11>-0.0642009899</R11>
				<R12>-0.314944118</R12>
				<R20>-0.107250266</R20>
				<R21>0.98680383</R21>
				<R22>0.12130855</R22>
			</CoordinateFrame>
			<SharedString name="ModelMeshData">arOm2fiSF7+piWtWCx9dyg==</SharedString>
			<Vector3 name="ModelMeshSize">
				<X>2.14467597</X>
				<Y>1.08745706</Y>
				<Z>5.15688276</Z>
			</Vector3>
			<token name="ModelStreamingMode">1</token>
			<bool name="NeedsPivotMigration">false</bool>
			<Ref name="PrimaryPart">null</Ref>
			<float name="ScaleFactor">0.884603143</float>
			<SharedString name="SlimHash">yuZpQdnvvUBOTYh1jqZ2cA==</SharedString>
			<OptionalCoordinateFrame name="WorldPivotData">
				<CFrame>
					<X>-24.8768291</X>
					<Y>8.18596077</Y>
					<Z>-15.5342197</Z>
					<R00>0.286726832</R00>
					<R01>-0.00223793346</R01>
					<R02>-0.958009899</R02>
					<R10>-0.0743164793</R10>
					<R11>-0.997035861</R11>
					<R12>-0.0199133884</R12>
					<R20>-0.95512563</R20>
					<R21>0.0769053847</R21>
					<R22>-0.286043227</R22>
				</CFrame>
			</OptionalCoordinateFrame>
			<BinaryString name="AttributesSerialize">AQAAAAYAAABPcmlnaW4CGAAAAFNvbGl2aW9uJ3MgUmVhbCBLbmlmZSBWMg==</BinaryString>
			<SecurityCapabilities name="Capabilities">0</SecurityCapabilities>
			<bool name="DefinesCapabilities">false</bool>
			<string name="Name">Katana(Knife Reskin)</string>
			<int64 name="SourceAssetId">-1</int64>
			<SharedString name="Tags">yuZpQdnvvUBOTYh1jqZ2cA==</SharedString>
		</Properties>
		<Item class="Part" referent="RBX12FFD03373D842819957460B982E2202">
			<Properties>
				<token name="shape">1</token>
				<token name="formFactorRaw">1</token>
				<bool name="Anchored">false</bool>
				<bool name="AudioCanCollide">true</bool>
				<float name="BackParamA">-0.5</float>
				<float name="BackParamB">0.5</float>
				<token name="BackSurface">0</token>
				<token name="BackSurfaceInput">0</token>
				<float name="BottomParamA">-0.5</float>
				<float name="BottomParamB">0.5</float>
				<token name="BottomSurface">4</token>
				<token name="BottomSurfaceInput">0</token>
				<CoordinateFrame name="CFrame">
					<X>2.46110487</X>
					<Y>1.05511034</Y>
					<Z>-83.2211075</Z>
					<R00>0.0153361261</R00>
					<R01>0.0175403059</R01>
					<R02>0.999728978</R02>
					<R10>0.0933210775</R10>
					<R11>0.995457113</R11>
					<R12>-0.0188969672</R12>
					<R20>-0.995518267</R20>
					<R21>0.0935857296</R21>
					<R22>0.0136293247</R22>
				</CoordinateFrame>
				<bool name="CanCollide">true</bool>
				<bool name="CanQuery">true</bool>
				<bool name="CanTouch">true</bool>
				<bool name="CastShadow">true</bool>
				<string name="CollisionGroup">Default</string>
				<int name="CollisionGroupId">0</int>
				<Color3uint8 name="Color3uint8">4288914085</Color3uint8>
				<PhysicalProperties name="CustomPhysicalProperties">
					<CustomPhysics>false</CustomPhysics>
				</PhysicalProperties>
				<bool name="EnableFluidForces">true</bool>
				<float name="FrontParamA">-0.5</float>
				<float name="FrontParamB">0.5</float>
				<token name="FrontSurface">0</token>
				<token name="FrontSurfaceInput">0</token>
				<float name="LeftParamA">-0.5</float>
				<float name="LeftParamB">0.5</float>
				<token name="LeftSurface">0</token>
				<token name="LeftSurfaceInput">0</token>
				<bool name="Locked">true</bool>
				<bool name="Massless">false</bool>
				<token name="Material">512</token>
				<string name="MaterialVariantSerialized"></string>
				<CoordinateFrame name="PivotOffset">
					<X>0</X>
					<Y>0</Y>
					<Z>0</Z>
					<R00>1</R00>
					<R01>0</R01>
					<R02>0</R02>
					<R10>0</R10>
					<R11>1</R11>
					<R12>0</R12>
					<R20>0</R20>
					<R21>0</R21>
					<R22>1</R22>
				</CoordinateFrame>
				<float name="Reflectance">0</float>
				<float name="RightParamA">-0.5</float>
				<float name="RightParamB">0.5</float>
				<token name="RightSurface">0</token>
				<token name="RightSurfaceInput">0</token>
				<int name="RootPriority">0</int>
				<Vector3 name="RotVelocity">
					<X>0</X>
					<Y>0</Y>
					<Z>0</Z>
				</Vector3>
				<float name="TopParamA">-0.5</float>
				<float name="TopParamB">0.5</float>
				<token name="TopSurface">3</token>
				<token name="TopSurfaceInput">0</token>
				<float name="Transparency">1</float>
				<Vector3 name="Velocity">
					<X>0</X>
					<Y>0</Y>
					<Z>0</Z>
				</Vector3>
				<Vector3 name="size">
					<X>0.289999992</X>
					<Y>0.340000004</Y>
					<Z>5.19999886</Z>
				</Vector3>
				<BinaryString name="AttributesSerialize"></BinaryString>
				<SecurityCapabilities name="Capabilities">0</SecurityCapabilities>
				<bool name="DefinesCapabilities">false</bool>
				<string name="Name">Handle</string>
				<int64 name="SourceAssetId">-1</int64>
				<SharedString name="Tags">yuZpQdnvvUBOTYh1jqZ2cA==</SharedString>
			</Properties>
			<Item class="Trail" referent="RBX36E5C14C6234462981F95D4FB7D5ACA6">
				<Properties>
					<Ref name="Attachment0">RBX2010735B5B3A4F149F1C22BCBC51B7C8</Ref>
					<Ref name="Attachment1">RBX6ED67651842143E59800B30EA3D65D11</Ref>
					<float name="Brightness">1</float>
					<ColorSequence name="Color">0 1 1 1 0 0.5 0 0 0 0 1 0 0 0 0 </ColorSequence>
					<bool name="Enabled">true</bool>
					<bool name="FaceCamera">false</bool>
					<float name="Lifetime">0.5</float>
					<float name="LightEmission">1</float>
					<float name="LightInfluence">1</float>
					<float name="MaxLength">0</float>
					<float name="MinLength">0.100000001</float>
					<Content name="Texture"><null></null></Content>
					<float name="TextureLength">1</float>
					<token name="TextureMode">0</token>
					<NumberSequence name="Transparency">0 0 0 0.0635118 0.13125 0 0.11208 0.25 0 0.153176 0.4 0 0.190535 0.5625 0 0.217933 0.76875 0 0.222914 1 0 1 1 0 </NumberSequence>
					<NumberSequence name="WidthScale">0 1 0 0.0249066 0.75 0 0.0709838 0.49375 0 0.102117 0.325 0 0.129514 0.2125 0 0.154421 0.14375 0 0.181818 0.075 0 0.209215 0.0375 0 0.234122 0 0 0.429639 0 0 0.486924 0 0 1 0 0 </NumberSequence>
					<BinaryString name="AttributesSerialize"></BinaryString>
					<SecurityCapabilities name="Capabilities">0</SecurityCapabilities>
					<bool name="DefinesCapabilities">false</bool>
					<string name="Name">Trail</string>
					<int64 name="SourceAssetId">-1</int64>
					<SharedString name="Tags">yuZpQdnvvUBOTYh1jqZ2cA==</SharedString>
				</Properties>
			</Item>
			<Item class="Attachment" referent="RBX6ED67651842143E59800B30EA3D65D11">
				<Properties>
					<CoordinateFrame name="CFrame">
						<X>0.00752258301</X>
						<Y>0.0085940361</Y>
						<Z>2.93692851</Z>
						<R00>1</R00>
						<R01>1.71363268e-07</R01>
						<R02>-2.42143727e-07</R02>
						<R10>-1.71363254e-07</R10>
						<R11>1</R11>
						<R12>5.70434224e-08</R12>
						<R20>2.42143727e-07</R20>
						<R21>-5.70433798e-08</R21>
						<R22>1</R22>
					</CoordinateFrame>
					<bool name="Visible">false</bool>
					<BinaryString name="AttributesSerialize"></BinaryString>
					<SecurityCapabilities name="Capabilities">0</SecurityCapabilities>
					<bool name="DefinesCapabilities">false</bool>
					<string name="Name">Attachment</string>
					<int64 name="SourceAssetId">-1</int64>
					<SharedString name="Tags">yuZpQdnvvUBOTYh1jqZ2cA==</SharedString>
				</Properties>
			</Item>
			<Item class="Attachment" referent="RBX2010735B5B3A4F149F1C22BCBC51B7C8">
				<Properties>
					<CoordinateFrame name="CFrame">
						<X>0.0339736938</X>
						<Y>0.0388522148</Y>
						<Z>-0.232661486</Z>
						<R00>1</R00>
						<R01>1.71363268e-07</R01>
						<R02>-2.42143727e-07</R02>
						<R10>-1.71363254e-07</R10>
						<R11>1</R11>
						<R12>5.70434224e-08</R12>
						<R20>2.42143727e-07</R20>
						<R21>-5.70433798e-08</R21>
						<R22>1</R22>
					</CoordinateFrame>
					<bool name="Visible">false</bool>
					<BinaryString name="AttributesSerialize"></BinaryString>
					<SecurityCapabilities name="Capabilities">0</SecurityCapabilities>
					<bool name="DefinesCapabilities">false</bool>
					<string name="Name">Attachment</string>
					<int64 name="SourceAssetId">-1</int64>
					<SharedString name="Tags">yuZpQdnvvUBOTYh1jqZ2cA==</SharedString>
				</Properties>
			</Item>
			<Item class="UnionOperation" referent="RBXE878D0183DCB4EE692ADA856760844A0">
				<Properties>
					<Content name="AssetId"><url>https://www.roblox.com//asset/?id=17282852377</url></Content>
					<BinaryString name="ChildData"></BinaryString>
					<SharedString name="ChildData2">yuZpQdnvvUBOTYh1jqZ2cA==</SharedString>
					<int name="ComponentIndex">-1</int>
					<token name="FormFactor">3</token>
					<Vector3 name="InitialSize">
						<X>2.14467621</X>
						<Y>1.0874567</Y>
						<Z>5.15688133</Z>
					</Vector3>
					<BinaryString name="MeshData"></BinaryString>
					<SharedString name="MeshData2">yuZpQdnvvUBOTYh1jqZ2cA==</SharedString>
					<bool name="OffCentered">false</bool>
					<BinaryString name="PhysicsData"></BinaryString>
					<token name="RenderFidelity">0</token>
					<float name="SmoothingAngle">0</float>
					<NetAssetRef name="SolidMeshHolder">yuZpQdnvvUBOTYh1jqZ2cA==</NetAssetRef>
					<int name="TriangleCount">0</int>
					<bool name="UsePartColor">false</bool>
					<SharedString name="AeroMeshData">yuZpQdnvvUBOTYh1jqZ2cA==</SharedString>
					<token name="FluidFidelityInternal">0</token>
					<bool name="InertiaMigrated">true</bool>
					<SharedString name="PhysicalConfigData">22sJ11byNGuHHd+io3YN4Q==</SharedString>
					<Vector3 name="UnscaledCofm">
						<X>-0.365807325</X>
						<Y>-0.151064396</Y>
						<Z>0.855631292</Z>
					</Vector3>
					<Vector3 name="UnscaledVolInertiaDiags">
						<X>0.1927526</X>
						<Y>0.211296618</Y>
						<Z>0.0344882384</Z>
					</Vector3>
					<Vector3 name="UnscaledVolInertiaOffDiags">
						<X>-0.0133584905</X>
						<Y>0.0677866787</Y>
						<Z>0.0359732285</Z>
					</Vector3>
					<float name="UnscaledVolume">0.155068412</float>
					<bool name="Anchored">false</bool>
					<bool name="AudioCanCollide">true</bool>
					<float name="BackParamA">-0.5</float>
					<float name="BackParamB">0.5</float>
					<token name="BackSurface">0</token>
					<token name="BackSurfaceInput">0</token>
					<float name="BottomParamA">-0.5</float>
					<float name="BottomParamB">0.5</float>
					<token name="BottomSurface">0</token>
					<token name="BottomSurfaceInput">0</token>
					<CoordinateFrame name="CFrame">
						<X>2.64612389</X>
						<Y>1.00101233</Y>
						<Z>-83.2257767</Z>
						<R00>0.302999884</R00>
						<R01>0.148649335</R01>
						<R02>-0.941326022</R02>
						<R10>-0.946936309</R10>
						<R11>-0.0642009899</R11>
						<R12>-0.314944118</R12>
						<R20>-0.107250266</R20>
						<R21>0.98680383</R21>
						<R22>0.12130855</R22>
					</CoordinateFrame>
					<bool name="CanCollide">false</bool>
					<bool name="CanQuery">true</bool>
					<bool name="CanTouch">true</bool>
					<bool name="CastShadow">true</bool>
					<string name="CollisionGroup">Default</string>
					<int name="CollisionGroupId">0</int>
					<Color3uint8 name="Color3uint8">4294506744</Color3uint8>
					<PhysicalProperties name="CustomPhysicalProperties">
						<CustomPhysics>false</CustomPhysics>
					</PhysicalProperties>
					<bool name="EnableFluidForces">true</bool>
					<float name="FrontParamA">-0.5</float>
					<float name="FrontParamB">0.5</float>
					<token name="FrontSurface">0</token>
					<token name="FrontSurfaceInput">0</token>
					<float name="LeftParamA">-0.5</float>
					<float name="LeftParamB">0.5</float>
					<token name="LeftSurface">0</token>
					<token name="LeftSurfaceInput">0</token>
					<bool name="Locked">false</bool>
					<bool name="Massless">false</bool>
					<token name="Material">1088</token>
					<string name="MaterialVariantSerialized"></string>
					<CoordinateFrame name="PivotOffset">
						<X>0</X>
						<Y>0</Y>
						<Z>0</Z>
						<R00>1</R00>
						<R01>0</R01>
						<R02>0</R02>
						<R10>0</R10>
						<R11>1</R11>
						<R12>0</R12>
						<R20>0</R20>
						<R21>0</R21>
						<R22>1</R22>
					</CoordinateFrame>
					<float name="Reflectance">0.200000003</float>
					<float name="RightParamA">-0.5</float>
					<float name="RightParamB">0.5</float>
					<token name="RightSurface">0</token>
					<token name="RightSurfaceInput">0</token>
					<int name="RootPriority">0</int>
					<Vector3 name="RotVelocity">
						<X>0</X>
						<Y>0</Y>
						<Z>0</Z>
					</Vector3>
					<float name="TopParamA">-0.5</float>
					<float name="TopParamB">0.5</float>
					<token name="TopSurface">0</token>
					<token name="TopSurfaceInput">0</token>
					<float name="Transparency">0</float>
					<Vector3 name="Velocity">
						<X>0</X>
						<Y>0</Y>
						<Z>0</Z>
					</Vector3>
					<Vector3 name="size">
						<X>2.14467621</X>
						<Y>1.0874567</Y>
						<Z>5.15688133</Z>
					</Vector3>
					<BinaryString name="AttributesSerialize"></BinaryString>
					<SecurityCapabilities name="Capabilities">0</SecurityCapabilities>
					<bool name="DefinesCapabilities">false</bool>
					<string name="Name">Union</string>
					<int64 name="SourceAssetId">-1</int64>
					<SharedString name="Tags">yuZpQdnvvUBOTYh1jqZ2cA==</SharedString>
				</Properties>
			</Item>
			<Item class="Weld" referent="RBX820279773E944F579F2FAD0771475A9F">
				<Properties>
					<CoordinateFrame name="C0">
						<X>0.00243377686</X>
						<Y>-0.0510435104</Y>
						<Z>0.185927272</Z>
						<R00>0.0230473354</R00>
						<R01>-0.986092687</R01>
						<R02>-0.164592087</R02>
						<R10>-0.947356939</R10>
						<R11>0.031048771</R11>
						<R12>-0.318671733</R12>
						<R20>0.319350243</R20>
						<R21>0.163271666</R21>
						<R22>-0.933465838</R22>
					</CoordinateFrame>
					<CoordinateFrame name="C1">
						<X>0</X>
						<Y>0</Y>
						<Z>0</Z>
						<R00>1</R00>
						<R01>0</R01>
						<R02>0</R02>
						<R10>0</R10>
						<R11>1</R11>
						<R12>0</R12>
						<R20>0</R20>
						<R21>0</R21>
						<R22>1</R22>
					</CoordinateFrame>
					<bool name="Enabled">true</bool>
					<Ref name="Part0">RBX12FFD03373D842819957460B982E2202</Ref>
					<Ref name="Part1">RBXE878D0183DCB4EE692ADA856760844A0</Ref>
					<BinaryString name="AttributesSerialize"></BinaryString>
					<SecurityCapabilities name="Capabilities">0</SecurityCapabilities>
					<bool name="DefinesCapabilities">false</bool>
					<string name="Name">Union</string>
					<int64 name="SourceAssetId">-1</int64>
					<SharedString name="Tags">yuZpQdnvvUBOTYh1jqZ2cA==</SharedString>
				</Properties>
			</Item>
		</Item>
		<Item class="Actor" referent="RBX077611E5AC224C648129EB31772D7EC3">
			<Properties>
				<token name="LevelOfDetail">0</token>
				<CoordinateFrame name="ModelMeshCFrame">
					<X>0</X>
					<Y>0</Y>
					<Z>0</Z>
					<R00>1</R00>
					<R01>0</R01>
					<R02>0</R02>
					<R10>0</R10>
					<R11>1</R11>
					<R12>0</R12>
					<R20>0</R20>
					<R21>0</R21>
					<R22>1</R22>
				</CoordinateFrame>
				<SharedString name="ModelMeshData">yuZpQdnvvUBOTYh1jqZ2cA==</SharedString>
				<Vector3 name="ModelMeshSize">
					<X>0</X>
					<Y>0</Y>
					<Z>0</Z>
				</Vector3>
				<token name="ModelStreamingMode">0</token>
				<bool name="NeedsPivotMigration">false</bool>
				<Ref name="PrimaryPart">null</Ref>
				<float name="ScaleFactor">1</float>
				<SharedString name="SlimHash">yuZpQdnvvUBOTYh1jqZ2cA==</SharedString>
				<OptionalCoordinateFrame name="WorldPivotData">
					<CFrame>
						<X>0</X>
						<Y>0</Y>
						<Z>0</Z>
						<R00>1</R00>
						<R01>0</R01>
						<R02>0</R02>
						<R10>0</R10>
						<R11>1</R11>
						<R12>0</R12>
						<R20>0</R20>
						<R21>0</R21>
						<R22>1</R22>
					</CFrame>
				</OptionalCoordinateFrame>
				<BinaryString name="AttributesSerialize"></BinaryString>
				<SecurityCapabilities name="Capabilities">0</SecurityCapabilities>
				<bool name="DefinesCapabilities">false</bool>
				<string name="Name">Actor</string>
				<int64 name="SourceAssetId">-1</int64>
				<SharedString name="Tags">yuZpQdnvvUBOTYh1jqZ2cA==</SharedString>
			</Properties>
			<Item class="Script" referent="RBXA9DAAC9F8D634A6893CFCC4657889512">
				<Properties>
					<ProtectedString name="Source"><![CDATA[--//RealKnife.Lua//--
--//Written By @Solivion//--
-- Please Bare With My Scripting Skill --
-- This is made specially for normal sized R6, R15 --
-- Assisted By Chat-GPT 3.5 --
--<<Services>--
local TweenService = game:GetService("TweenService")					  --Move Service V.0.1
local RunService = game:GetService("RunService")						  --You Can't Run
local Debris = game:GetService("Debris")							      --Time Limted Real
local SoundService = game:GetService("SoundService")					  -- Storage Room
local PhysicsService = game:GetService("PhysicsService")				  --FyShic Srvis
local PlayerService = game:GetService("Players")						  --PlayrServ!ce
--<<Global Stuff>>--
_G.ToolCooldown = false
_G.CooldownLeft = 0
--<<Variables>>--
local Slashing = false	
local CurActi = false				
local CurrentState = "Unequipped"	
local CurrentAnim = "None"		
local LastestEq = tick()	
local LastestAM = tick()
local LastestSlash = tick()			
local StoredTick = tick()			
local DefaultDamage = 5			--Damage without Charging
local CurrentDamage = DefaultDamage	
local CanDmg = false					
local Mockery = false				
local Doeshavepremadehandle = true
local CanCurrentlyCurse = false
local CurrentAnimSequence = 1
local LastestHealth = 100
local SavedHealthNow = 0
local Curspd = 18
local TotalCursedDamage = 0
local NeedToWait = false
local Trail = true
local Mislay = false
local Touched = {}
--<<Settings>>--
--Script Edition--
local ArmorPiercing = true
--//If ArmorPiercing is true. Ignore ForceField//--
local HaveIFrame = true  -- Disabling Doesn't Work Btw, The Script Doesn't Really Allow That.
--//IFrame//--
local EnemyBleed = true -- Using Percentaged Damage Solution. Slowly Damages Player, Can Stack.
--//Bleed Damage//--
-->GENERAL SETTINGS<--
local OneShotSaver = false			-- If Not Enabled, Will Cause IFrame To Kill You When Ur Hp Hits 0, IFrameActi Won't Prevent IFrame Death Either. Best To Prevent One-Hit or Spawn-Kill
local HumanoidName = nil  			--The Most Ineffective Way To Get Humanoid frfr, But If You're Using Custom Humanoid That Should Be Fine. Just Replace Nil With Ur Humanoid name. It's Global Use Btw. So If You Replace 'nil' with "Humanoid". It Will Only Search For Humanoid Via Name EVERY HIT.
local PerformanceWise = false		    --Who Would Want It To Look Laggy, I Included.
local LowQualityAfterImage = true    --Less Lag
local MaxCharge = 10					--Absolute Insanity
local LowestChargeRequirement = 2	--Or I'll Turn Ur Effort Into Vain
local DamagePerCharge = 2			--It's That Straight Forward.
local PitchOffset = 20				--How hi, How lo
local AllowPercentagedDamage =  true 		--Maybe The World Isn't That Cruel Afterall
local Character							-- Apparently Should Be Left Alone
local DropOpponentstoolOnRagdoll = false	-- Apparently Does What It Said
local DropOpponentsLootOnKill = true		-- Apparently Does What It Said(x2)
local Curseable = false					-- Apparently Has A Chance Of Casting A Spell After Breaking the Knife (20%) With Glitch (40%)
local KnifeDurabillity = 1				-- Apparently Is Not A Thing (I'm Too Lazy To Make A Seperate Animation Other Than The Slap) 
local DebugMode = false					-- Apparently Allows You To Change The Attributes Of The Knife Mid-Game
local Glitch = true						-- Make Your Experience Less Fun!
local MislayChance = 20					-- You Dropped The Knife, So You Get A New One
local HBAP = { -- One Attachment Every 0.5 Stud.
	CFrame.new(0,-0.075,0),CFrame.new(0,-0.15,2),CFrame.new(0,-0.125,1.5),CFrame.new(0,-0.1,1),CFrame.new(0,-0.1,0.5)--[[]],CFrame.new(0,0.075,0),CFrame.new(0,0.15,2),CFrame.new(0,0.125,1.5),CFrame.new(0,0.1,1),CFrame.new(0,0.1,0.5)--[[]],CFrame.new(0,0,-2),CFrame.new(0,0,-1.5),CFrame.new(0,0,-1),CFrame.new(0,0,-0.5),CFrame.new(0,0,0),CFrame.new(0,0,2),CFrame.new(0,0,1.5),CFrame.new(0,0,1),CFrame.new(0,0,0.5),CFrame.new(0.075,0,0),CFrame.new(-0.075,0,0),CFrame.new(0.1,0,0.5),CFrame.new(-0.1,0,0.5),CFrame.new(0.15, 0, 1),CFrame.new(-0.15, 0, 1),CFrame.new(0.175, 0, 1.5),CFrame.new(-0.175, 0, 1.5),CFrame.new(0.2, 0, 2),CFrame.new(-0.2, 0, 2)
}
local HBAttachments = {}
local HBSC -- Server Hitbox Connection

if not script:GetAttribute("Enable_Glitchy_Effect") then
	script:SetAttribute("Enable_Glitchy_Effect",Glitch)	-- Nope, U Need It
end
if script:GetAttribute("Use_This_Setting") and script:GetAttribute("Use_This_Setting") == true then
	if script:GetAttribute("MaxCharge") then
		MaxCharge = script:GetAttribute("MaxCharge")
	end
	if script:GetAttribute("LowestChargeRequirement") then
		LowestChargeRequirement = script:GetAttribute("LowestChargeRequirement")
	end
	if script:GetAttribute("DamagePerCharge") then
		DamagePerCharge = script:GetAttribute("DamagePerCharge")
	end
	if script:GetAttribute("SoundPitchOffset") then
		PitchOffset = script:GetAttribute("SoundPitchOffset")
	end
	if script:GetAttribute("AllowPercentagedDamage") then
		AllowPercentagedDamage = script:GetAttribute("AllowPercentagedDamage")
	end
	if script:GetAttribute("DropOpponentsLootsOnKill") then
		DropOpponentsLootOnKill = script:GetAttribute("DropOpponentsLootsOnKill")
	end
	if script:GetAttribute("DropOpponentsToolOnRagdoll") then
		DropOpponentstoolOnRagdoll = script:GetAttribute("DropOpponentsToolOnRagdoll")
	end
	if script:GetAttribute("Curseable") then
		Curseable = script:GetAttribute("Curseable")
	end 
	if script:GetAttribute("PerformanceWise") then
		PerformanceWise = script:GetAttribute("PerformanceWise")
	end
	if script:GetAttribute("ArmorPiercing") then
		ArmorPiercing = script:GetAttribute("ArmorPiercing")
	end
	if script:GetAttribute("HumanoidName") then
		HumanoidName = script:GetAttribute("HumanoidName")
	end
	if script:GetAttribute("OneShotSaver") then
		OneShotSaver = script:GetAttribute("OneShotSaver")
	end
	if script:GetAttribute("Enable_Glitchy_Effect") then
		Glitch = script:GetAttribute("Enable_Glitchy_Effect")
	end
	if script:GetAttribute("DebugMode") then
		DebugMode = script:GetAttribute("DebugMode")
	end
	script:SetAttribute("Use_This_Setting", nil)
end
if not _G.Glitch then
	_G.Glitch = Glitch
end
--<<Real Object>>--
local Knife = script:FindFirstAncestorOfClass("Tool")			--Appearently Not Coming In With Restoring Feature.
--<<Misc>>--
function DebugCheck(Which)
	if DebugMode == true and Which then
		if script:GetAttribute("MaxCharge") then
			MaxCharge = script:GetAttribute("MaxCharge")
		end
		if script:GetAttribute("LowestChargeRequirement") then
			LowestChargeRequirement = script:GetAttribute("LowestChargeRequirement")
		end
		if script:GetAttribute("DamagePerCharge") then
			DamagePerCharge = script:GetAttribute("DamagePerCharge")
		end
		if script:GetAttribute("SoundPitchOffset") then
			PitchOffset = script:GetAttribute("SoundPitchOffset")
		end
		if script:GetAttribute("AllowPercentagedDamage") then
			AllowPercentagedDamage = script:GetAttribute("AllowPercentagedDamage")
		end
		if script:GetAttribute("DropOpponentsLootsOnKill") then
			DropOpponentsLootOnKill = script:GetAttribute("DropOpponentsLootsOnKill")
		end
		if script:GetAttribute("DropOpponentsToolOnRagdoll") then
			DropOpponentstoolOnRagdoll = script:GetAttribute("DropOpponentsToolOnRagdoll")
		end
		if script:GetAttribute("Curseable") then
			Curseable = script:GetAttribute("Curseable")
		end 
		if script:GetAttribute("PerformanceWise") then
			PerformanceWise = script:GetAttribute("PerformanceWise")
		end
		if script:GetAttribute("ArmorPiercing") then
			ArmorPiercing = script:GetAttribute("ArmorPiercing")
		end
		if script:GetAttribute("HumanoidName") then
			HumanoidName = script:GetAttribute("HumanoidName")
		end
		if script:GetAttribute("OneShotSaver") then
			OneShotSaver = script:GetAttribute("OneShotSaver")
		end
		if script:GetAttribute("Enable_Glitchy_Effect") then
			Glitch = script:GetAttribute("Enable_Glitchy_Effect")
		end
		KnifeDurabillity = "Not Real"
	else
		DebugWarn("Please Enable Debug Mode In Studio To Allow Mid-Game Modification")
	end
end
function Destruct(Object:Instance)
	Object:Destroy()
	if Object ~= nil then
		Object:Remove()
	end
end
function CFrameAngles(X,Y,Z)
	return CFrame.Angles(math.rad(X),math.rad(Y),math.rad(Z))		-- Why Didn't I Thought Of This Earlier.						
end
local EasyTween = function(itemtotween,property,value,tweentime,easingstyle,easingdirection)
	local info = TweenInfo.new(tweentime,Enum.EasingStyle[easingstyle],Enum.EasingDirection[easingdirection],0,false,0)
	local goal = {}
	goal[property] = value
	return game:GetService("TweenService"):Create(itemtotween,info,goal)
end
function Encryption(unencryptedName, BeEncryptedOrUnEncrypt_YesOrNo)		-- My Special Method For Encrypting Symbols
	if BeEncryptedOrUnEncrypt_YesOrNo == true then				--Encrypt
		-- Replace '.' with '0' and remove spaces (replace '_' with '')
		local Encryptedname = string.gsub(unencryptedName, '%.', '0')
		Encryptedname = string.gsub(Encryptedname, ' ', '_')
		return Encryptedname
	else															--UbEncrypt
		-- Replace '.' with '0' and remove spaces (replace '_' with '')
		local Encryptedname = string.gsub(unencryptedName, '0', '.')
		Encryptedname = string.gsub(Encryptedname, '_', ' ')
		return Encryptedname
	end
end
--<<Storage>>--
local TableFullOFAttributesCuzWhyNot = {}
local Debounce = {
	"Solivion"						--I'll always have infinite debounce finding a friend			
}
local OnlyCheckOnce = {				-- For Performance Sake
	
}
-- Define a table to map invalid characters to their replacements, Incase you don't get it 
local characterReplacements = {
--  Symbol  Replacement   The Actual Word(If You Don't Get it Already)
	["+"] = "_PS_", --        P"LU"S
	["-"] = "_MS_", --        M"INU"S
	["*"] = "_AK_", --        A"STERIS"K
	["/"] = "_SH_", --        S"LAS"H
	["%"] = "_PT_", --        P"ERCEN"T
	["="] = "_ES_", --        E"QUAL"S
	["&"] = "_AD_", --        A"MPERSAN"D
	["|"] = "_PE_", --        P"IP"E
	["!"] = "_EN_", --        E"XCALMATIO"N
	["<"] = "_LN_",
	[">"] = "_GN_",
	["("] = "_LS_",
	[")"] = "_RS_",
	["@"] = "_AT_",
	["["] = "_LT_",
	["]"] = "_RT_",
	["{"] = "_LCT_",
	["}"] = "_RCT_",
	[","] = "_CA_",
	[";"] = "_SN_",
	[":"] = "_CN_",
	["."] = "_PD_",
	["?"] = "_QK_",
	["#"] = "_HH_",
	["~"] = "_TE_",
	["^"] = "_CT_",
	["'"] = "_SE_",
	['"'] = "_DE_",
	["`"] = "_BK_",
	["\\"] = "_BH_",
	["$"] = "_DR_",
	[" "] = "_SE_"
	-- bro is shouting nonsense 🗣️🗣️🗣️🗣️
}

local AnimationFrames = {
	--Transition To Idle
	Charging =     {
		Frame1 =     {
			GripWeld =
				CFrame.new(0.437408447, -0.770902634, 1.30037117, -0.959122479, -0.256843507, 0.118810028, 0.260208338, -0.965458512, 0.0134654939, 0.111247629, 0.0438303947, 0.992825747
				),
			LeftShoulder =
				CFrame.new(0.741035461, 0.239916801, -1.00295305, 0.40634048, -0.91242522, -0.0486623645, -0.721369386, -0.353032053, 0.595814109, -0.560815096, -0.206999853, -0.801646769
				),
			RightShoulder =
				CFrame.new(1.67163086, 0.0179710388, -0.272327423, -0.936148345, -0.215827033, -0.277570009, -0.012440227, -0.768610239, 0.639596343, -0.351385325, 0.602209985, 0.716848195
				),
			RootJoint =
				CFrame.new(-0.00326538086, -0.0118875504, 0.0298452377, 0.993968487, 0.000948840752, -0.10966213, -0.0103841033, 0.996284008, -0.0855003595, 0.109173499, 0.0861234069, 0.990284741
				)
		},
		Frame2 =     {
			GripWeld =
				CFrame.new(0.106861115, -0.808936119, 0.771028519, -0.919997633, -0.391658843, 0.0144144893, 0.389173865, -0.917273164, -0.0845792592, 0.0463482738, -0.0722029656, 0.996312559
				),
			LeftShoulder =
				CFrame.new(0.967494965, 0.0889267921, -0.852333069, 0.554795444, -0.796317339, 0.240999013, -0.761925459, -0.369947135, 0.531609774, -0.334173232, -0.478558123, -0.811979651
				),
			RightShoulder =
				CFrame.new(1.40903854, -0.176096916, 0.0768356323, -0.946030438, -0.0725207254, -0.31585902, -0.152822405, -0.759641469, 0.632131398, -0.285782486, 0.646286011, 0.707561433
				),
			RootJoint =
				CFrame.new(-0.00326156616, -0.0118865967, 0.0298433304, 0.986456215, -0.0674874485, -0.149497032, 0.0436756797, 0.986602545, -0.157187834, 0.158102363, 0.148529559, 0.976188064
				)
		},
		Frame3 =     {
			GripWeld =
				CFrame.new(0.0265464783, -0.955198288, 0.629217148, -0.700781584, -0.693518877, 0.167143181, 0.65168643, -0.717670321, -0.245467186, 0.290189922, -0.0630939603, 0.954887033
				),
			LeftShoulder =
				CFrame.new(0.788722992, -0.200850487, -0.595913887, 0.453341603, -0.858309865, 0.240387291, -0.828949332, -0.306864798, 0.467629373, -0.327604532, -0.411264658, -0.850609779
				),
			RightShoulder =
				CFrame.new(1.40594101, 0.0178203583, 0.596862793, -0.974568069, 0.158189595, -0.158725441, -0.223524705, -0.736625373, 0.638294578, -0.0159495175, 0.657540381, 0.753250718
				),
			RootJoint =
				CFrame.new(-0.00325012207, -0.0118875504, 0.0298423767, 0.898934364, -0.20577769, -0.386746824, 0.131866872, 0.968971372, -0.209059447, 0.417766333, 0.136931583, 0.89817667
				)
		}
	},
	Swing =     {
		Frame1 =     {
			GripWeld =
				CFrame.new(-0.535816669, 0.142976761, 1.13247776, -0.922261357, 0.127790213, -0.364833891, -0.355768412, -0.649745286, 0.671758831, -0.151204899, 0.74933356, 0.644698679
				),
			LeftShoulder =
				CFrame.new(-1.49457526, -0.225975513, -0.0726070404, 0.940389037, 0.220932841, -0.258568317, -0.28316462, 0.929723322, -0.235445589, 0.188379213, 0.294627607, 0.936860442
				),
			RightShoulder =
				CFrame.new(1.52406776, -0.111716032, -0.331685066, -0.850247085, -0.369979084, -0.374427021, -0.00604348257, -0.704411149, 0.709766924, -0.526349247, 0.605739713, 0.596687257
				),
			RootJoint =
				CFrame.new(0.00162756443, -4.76837158e-07, 0.0986614227, 0.972392023, 0.148860708, 0.179706454, -0.14883177, 0.988767624, -0.0137210153, -0.179730356, -0.0134038255, 0.983624458
				)
		},
		Frame2 =     {
			GripWeld =
				CFrame.new(0.942129135, -0.822545528, 0.483489037, -0.194327027, 0.256755888, 0.94673872, -0.543959081, -0.831358194, 0.113811612, 0.816301048, -0.49287039, 0.301219791
				),
			LeftShoulder =
				CFrame.new(-1.38718414, -0.0289764404, 0.182135582, 0.674239457, 0.467638671, 0.5715909, -0.257687867, 0.874301255, -0.411332369, -0.692097485, 0.130044013, 0.70999372
				),
			RightShoulder =
				CFrame.new(1.37422466, 0.939553261, -0.0187320709, -0.778095484, 0.600979865, 0.182734326, -0.597821951, -0.619206965, -0.509108543, -0.192813456, -0.505377412, 0.841081738
				),
			RootJoint =
				CFrame.new(-2.38418579e-06, 0, 0.0986585617, 0.956544697, -0.0307977293, -0.289955646, -0.0586137474, 0.953799009, -0.294671059, 0.285634756, 0.298861116, 0.910546243
				)
		},
		Frame3 =     {
			GripWeld =
				CFrame.new(-0.540844917, -0.114713669, 0.379343987, -0.596445382, 0.39750734, -0.697309673, -0.797331035, -0.193544388, 0.571667373, 0.0922815949, 0.896955132, 0.432383627
				),
			LeftShoulder =
				CFrame.new(-1.10585117, -0.625925064, -0.0342712402, 0.684106886, 0.194265723, 0.703035593, 0.458250731, 0.635415435, -0.62149328, -0.567454219, 0.747334301, 0.345669448
				),
			RightShoulder =
				CFrame.new(1.49730587, 0.429377556, -0.0870790482, -0.581578732, -0.200530291, -0.788386941, -0.0516264737, -0.95808953, 0.281779021, -0.811850309, 0.204578206, 0.546851754
				),
			RootJoint =
				CFrame.new(-0.0105743408, -1.1920929e-06, 0.013586998, 0.81145823, 0.349233866, -0.468584448, -0.479025483, 0.85677129, -0.190991387, 0.334768981, 0.379445583, 0.86252588
				)
		},
		Frame4 =     {
			GripWeld =
				CFrame.new(-0.50376606, -0.678855896, 0.737579346, -0.806008101, -0.0569351912, -0.589160085, -0.03185362, -0.989748359, 0.139224932, -0.591047049, 0.130983278, 0.795931518
				),
			LeftShoulder =
				CFrame.new(-0.80034256, -0.566066742, -0.476942062, 0.859161854, -0.127475113, 0.495571434, 0.463796854, -0.215154722, -0.859419227, 0.216179073, 0.968224525, -0.125730306
				),
			RightShoulder =
				CFrame.new(0.878034592, -0.204168797, -1.27775002, -0.922227025, 0.357964158, -0.146147192, -0.315651238, -0.47873643, 0.819253445, 0.223297417, 0.801669121, 0.554495513
				),
			RootJoint =
				CFrame.new(-0.185424805, 9.53674316e-07, 0.0985860825, 0.864564419, -0.026665058, -0.501814127, 0.151993036, 0.965694964, 0.210551187, 0.478984773, -0.258307278, 0.838958323
				)
		},
		Frame5 =     {
			GripWeld =
				CFrame.new(0.138238907, -1.03688097, 1.20203781, -0.929527879, 0.263851345, -0.257605374, -0.22291553, -0.958553135, -0.177439421, -0.293746024, -0.107510597, 0.949818373
				),
			LeftShoulder =
				CFrame.new(-0.658372879, -0.55800724, -1.1946063, 0.55394572, -0.796094954, -0.2436748, -0.490295768, -0.0753892958, -0.868289828, 0.672870576, 0.600458086, -0.432083398
				),
			RightShoulder =
				CFrame.new(0.774774551, -0.668563843, -0.602579594, -0.946900964, -0.0721274465, -0.313331723, -0.321080267, 0.160814822, 0.933298588, -0.0169280469, 0.984345734, -0.1754345
				),
			RootJoint =
				CFrame.new(0.0159606934, 0, 0.0985889435, 0.992515504, -0.121598288, 0.0112788528, 0.0950045884, 0.826866269, 0.554316163, -0.0767299682, -0.549095809, 0.832229912
				)
		},
		Frame6 =     {
			GripWeld =
				CFrame.new(-0.260354996, -1.21195412, 0.774360657, -0.791721761, 0.325453997, -0.516968489, -0.101547532, -0.904607534, -0.413972706, -0.602382541, -0.275254369, 0.749246418
				),
			LeftShoulder =
				CFrame.new(0.216869354, -1.04091537, -1.02796459, 0.680191636, -0.716799736, -0.153418437, -0.708345413, -0.588865161, -0.389211029, 0.188643664, 0.373411149, -0.908282638
				),
			RightShoulder =
				CFrame.new(1.11340141, -0.69793117, -0.352807045, -0.791749954, -0.0472026169, -0.609018624, -0.594084442, -0.172449201, 0.785700619, -0.142111897, 0.983886719, 0.108494252
				),
			RootJoint =
				CFrame.new(-0.00164222717, -7.15255737e-07, 0.0985879898, 0.996281207, 0.0737768263, -0.044502452, -0.0669392496, 0.987983108, 0.139316231, 0.054246068, -0.135819256, 0.989247322
				)
		},
		Frame7 =     {
			GripWeld =
				CFrame.new(-0.900798798, -0.855236053, 0.825455666, -0.609805107, -0.085786283, -0.787894964, 0.124703534, -0.992127359, 0.0115064681, -0.7826792, -0.0912365615, 0.615702152
				),
			LeftShoulder =
				CFrame.new(0.372694016, -0.483629584, -0.912920952, 0.49331376, -0.821655214, 0.285525203, -0.619807124, -0.562337756, -0.547372222, 0.610312581, 0.0930556506, -0.786676407
				),
			RightShoulder =
				CFrame.new(1.25975418, -0.658633471, -0.234864235, -0.766961455, -0.0609169304, -0.638795435, -0.442737162, -0.670352697, 0.59549278, -0.464493573, 0.739538193, 0.487164259
				),
			RootJoint =
				CFrame.new(-0.00377082825, -4.76837158e-07, 0.0985879898, 0.993703067, 0.105569549, 0.037546102, -0.109012604, 0.988355577, 0.106160656, -0.0259015784, -0.109585211, 0.993639946
				)
		},
		Frame8 =     {
			GripWeld =
				CFrame.new(-0.0700550079, -1.26211548, 0.633838654, -0.855408669, 0.0500753522, -0.515527487, 0.22739622, -0.857957125, -0.460652709, -0.465367615, -0.511275172, 0.722517073
				),
			LeftShoulder =
				CFrame.new(0.116939545, -0.104624271, -0.917043686, 0.710404336, -0.655885637, 0.255225658, -0.50583905, -0.727974236, -0.462797195, 0.489339501, 0.199669942, -0.848928213
				),
			RightShoulder =
				CFrame.new(1.14348221, -0.14632082, -0.230964661, -0.847783506, -0.174286366, -0.500886738, -0.282380044, -0.651105702, 0.704502404, -0.448915124, 0.738705754, 0.502781451
				),
			RootJoint =
				CFrame.new(0.00158309937, -2.38418579e-07, 0.0985879898, 0.981794238, -0.0661830977, -0.178045407, 0.0869439021, 0.989960194, 0.111445688, 0.168881997, -0.124896742, 0.977690995
				)
		}
	},
	Idle =     {
		Frame1 =     {
			GripWeld =
				CFrame.new(0.285083771, -0.618181705, 1.14770317, -0.915130615, -0.402326673, 0.0258683823, 0.399306178, -0.895673275, 0.195766419, -0.0555924587, 0.189481243, 0.980309546)
			,
			LeftShoulder =
				CFrame.new(-0.0287895203, -0.472655773, -0.839028358, 0.0294442922, -0.714439809, -0.699077308, -0.891557753, -0.334992617, 0.304802895, -0.45194912, 0.614293277, -0.646828055)
			,
			RightShoulder =
				CFrame.new(1.00469971, -0.0400099754, -0.381696701, -0.996182501, -0.0871246979, -0.00546279689, -0.0187864359, 0.152851671, 0.988070726, -0.0852503851, 0.984401524, -0.153905004)
			,
			RootJoint =
				CFrame.new(-0.00179290771, -9.53674316e-07, 0.0298442841, 0.999852717, 0.00419006497, -0.0166471917, -0.00294408342, 0.997240543, 0.0741793215, 0.0169120561, -0.0741193965, 0.997106194)
		},
		Frame2 =     {
			GripWeld =
				CFrame.new(0.273860931, -0.705504417, 1.16408682, -0.888420463, -0.458631098, -0.0191551931, 0.451299995, -0.880323291, 0.146148786, -0.0838911235, 0.121196806, 0.98907721)
			,
			LeftShoulder =
				CFrame.new(-0.0292816162, -0.431292772, -0.857967377, -0.0782036409, -0.740410507, -0.667590439, -0.911426306, -0.218242496, 0.348815471, -0.403963089, 0.635738075, -0.65776217)
			,
			RightShoulder =
				CFrame.new(1.00551224, -0.0623266697, -0.338412285, -0.999544203, -0.026438605, -0.0145839807, -0.0174502637, 0.111644939, 0.993594885, -0.0246410351, 0.99339658, -0.112055428)
			,
			RootJoint =
				CFrame.new(-0.00325775146, -0.0118868351, 0.0298452377, 0.999852717, 0.00419008732, -0.0166471712, -0.00395005196, 0.999888122, 0.0144258235, 0.0167057551, -0.0143579394, 0.999757409)
		},
		Frame3 =     {
			GripWeld =
				CFrame.new(0.321258545, -0.774536133, 1.18903446, -0.901389658, -0.432711333, 0.0160507858, 0.431399465, -0.900615036, -0.0527948365, 0.0373005085, -0.0406644195, 0.998476505)
			,
			LeftShoulder =
				CFrame.new(-0.0296363831, -0.568365812, -0.91411972, -0.204720706, -0.777481437, -0.59465307, -0.647528648, -0.348011911, 0.677933693, -0.734027207, 0.523842037, -0.432196379)
			,
			RightShoulder =
				CFrame.new(1.00485229, -0.142176151, -0.398415565, -0.997538328, -0.0493400916, -0.0498286076, -0.0492290817, -0.0132929776, 0.99869895, -0.0499382839, 0.998693645, 0.0108312964)
			,
			RootJoint =
				CFrame.new(-0.00326538086, -0.0118868351, 0.0298452377, 0.999852717, 0.00419008732, -0.0166471712, -0.00353759737, 0.999231517, 0.0390331969, 0.0167979337, -0.0389685482, 0.999099255)
		}
	},
	Stab =     {
		Frame1 =     {
			GripWeld =
				CFrame.new(-0.0802383423, -0.845630646, 0.859985352, -0.741053581, -0.550780714, -0.384031773, 0.627598345, -0.77147907, -0.1045959, -0.238663137, -0.31852901, 0.917376161)
			,
			LeftShoulder =
				CFrame.new(0.533401489, 0.0152230263, -1.15233517, 0.294564664, -0.933459997, -0.204658046, -0.829879344, -0.356058389, 0.429561019, -0.473848224, 0.04330796, -0.879541218)
			,
			RightShoulder =
				CFrame.new(1.61333466, -0.0677244663, -0.504101753, -0.784813821, 0.297056317, -0.543898344, -0.580588639, -0.659388185, 0.477623224, -0.216759145, 0.690626383, 0.689964414)
			,
			RootJoint =
